image: map_5.pgm
resolution: 0.050000
origin: [-8.623444, -9.354564, 0.000000]
negate: 0
occupied_thresh: 0.65
free_thresh: 0.196

